865067022457231
865067022466539
865067022542495
865067022544889
865067022541489
865067022544921
865067022466661
865067022465580
865067022544889
865067022541489
865067022544921
865067022466661
865067022465580
865067022542032
865067022541364
865067022544749
865067022467602
865067022467602
865067022458163
865067022464013
865067022457231
865067022466539
865067022542495
865067022544889
865067022541489
865067022544921
865067022466661
865067022465580
865067022542032
865067022541364
865067022544749
865067022467602
865067022467602
865067022458163
865067022464013
865067022467602
865067022467602
865067022458163
865067022464013